#T/°C t/min I/pA
-61.0   0   0.0
-60.7   1   0.29
-58.5   2   0.25
-57.1   3   0.23
-55.4   4   0.21
-53.7   5   0.0
-52.0   6   0.56
-50.6   7   1.5
-49.2   8   0.8
-47.7   9   0.8
-46.3   10  0.9
-44.9   11  0.9
-43.6   12  0.96
-42.4   13  1.35
-41.1   14  3.1
-39.8   15  2.0
-38.2   16  2.0
-36.1   17  1.85
-34.1   18  2.1
-32.3   19  2.55
-30.9   20  3.0
-29.5   21  3.5
-28.3   22  4.0
-27.0   23  4.7
-25.5   24  5.5
-24.0   25  6.4
-22.5   26  7.4
-21.0   27  8.4
-19.5   28  9.3
-18.1   29  10.0
-16.7   30  10.5
-15.1   31  11.0
-13.4   32  10.5
-11.8   33  10.0
-10.2   34  9.0
-8.6    35  7.7
-7.1    36  6.4
-5.6    37  5.3
-4.1    38  4.4
-2.6    39  3.9
-1.2    40  3.5
0.3     41  3.5
2.0     42  3.7
3.6     43  3.9
5.2     44  4.2
6.4     45  4.2
7.6     46  4.25
8.9     47  4.4
10.5    48  4.6
12.3    49  5.0
14.0    50  5.3
15.6    51  5.5
17.0    52  5.7
18.5    53  6.0
20.1    54  6.2
21.8    55  6.5
23.3    56  6.8
24.8    57  7.0
26.2    58  7.2
27.7    59  7.5
28.9    60  7.6
30.4    61  7.9
31.9    62  8.2
33.5    63  8.8
35.2    64  9.4
36.7    65  9.8
38.2    66  10.5
39.8    67  11.0
41.3    68  11.0
42.7    69  11.5
44.2    70  11.5
45.5    71  11.5
47.0    72  11.5
48.5    73  11.0
50.0    74  11.0
51.5    75  10.5
53.1    76  10.0
54.6    77  9.6
56.1    78  9.1
57.5    79  8.6
59.1    80  8.51