#T/°C t/min I/pA
-63     0   0.2
-61     1   0.15
-58.5   2   0.1
-56.5   3   0.05
-54.5   4   0.08
-52.8   5   0.11
-51     6   0.18
-49.5   7   0.4
-47.2   8   2.0
-45.7    9   2.3
-43.8   10  1.7
-41.4   11  1.5
-39.1   12  1.6
-36.9   13  1.85
-35.1   14  2.25
-33.2   15  2.75
-31.5   16  3.4
-29.5   17  4.3
-27.4   18  5.5
-25.4   19  7.0
-23.3   20  8.9
-21.2   21  11.0
-19.2   22  13.0
-17.4   23  14.5
-15.5   24  15.5
-13.5   25  16.0
-11.5   26  16.0
-9.3    27  14.5
-7.1    28  12.5
-5.1    29  10.5
-3.2    30  8.5
-1.4    31  6.6
0.6     32  6.1
2.8     33  6.2
5.0     34  6.8
7.2     35  7.3
9.1     36  7.8
11.0    37  8.2
12.9    38  8.6
14.6    39  9.1
16.7    40  10.0
18.9    41  10.5
21.1    42  11.5
23.2    43  12.0
25.4    44  13.0
27.5    45  13.5
29.5    46  14.5
31.5    47  15.5
33.5    48  17.0
35.4    49  18.0
37.5    50  19.0
39.4    51  21.0
41.5    52  22.5
43.5    53  24.0
45.4    54  25.0
47.5    55  25.0
49.5    56  25.0
51.5    57  24.0
53.5    58  22.5
55.5    59  20.5